       word freq
1       gut  106
2      hose   60
3      kauf   29
4     gross   27
5      dunn   25
6    tragen   23
7      lang   19
8      okay   17
9  qualitat   17
10     echt   16
 [1] "ah"            "art"           "aussehen"      "authentic"    
 [5] "bein"          "bisschen"      "dunn"          "echt"         
 [9] "einfach"       "fit"           "fuhl"          "geeignet"     
[13] "gekauft"       "gleich"        "gross"         "gut"          
[17] "hose"          "immer"         "jacke"         "kauf"         
[21] "kg"            "kleidung"      "klein"         "kundendienst" 
[25] "kundenservice" "kurz"          "lang"          "langsam"      
[29] "liebe"         "lob"           "logistics"     "machte"       
[33] "mag"           "material"      "mochte"        "nachdem"      
[37] "okay"          "pants"         "preis"         "punkt"        
[41] "qualitat"      "rabatt"        "recht"         "regel"        
[45] "richtige"      "sagen"         "schlank"       "schlecht"     
[49] "schnell"       "schon"         "seite"         "service"      
[53] "super"         "tag"           "tragen"        "version"      
[57] "weiss"         "wenig"         "winter"        "wirklich"     
[61] "zahl"          "zeit"          "zufrieden"    
kauf.pants 
      0.26 
gross   gut  hose  kauf 
    1     2     3     4 
  gross   gut  hose  kauf
1 0.016 1.145 0.000 0.048
2 0.000 1.000 2.500 0.500
3 0.053 1.158 1.000 0.211
4 0.000 0.000 0.128 0.000
5 1.000 0.143 0.000 0.357
6 1.222 0.444 1.000 0.333
7 0.000 0.000 2.200 0.000
8 0.000 0.385 0.077 1.000
cluster 1:  gut kauf gross 
cluster 2:  hose gut kauf 
cluster 3:  gut hose kauf 
cluster 4:  hose gross gut 
cluster 5:  gross kauf gut 
cluster 6:  gross hose gut 
cluster 7:  hose gross gut 
cluster 8:  kauf gut hose 
             Length Class  Mode   
cluster      241    -none- numeric
centers       32    -none- numeric
totss          1    -none- numeric
withinss       8    -none- numeric
tot.withinss   1    -none- numeric
betweenss      1    -none- numeric
size           8    -none- numeric
iter           1    -none- numeric
ifault         1    -none- numeric
[1] 10
Medoids:
     ID gross gut hose kauf
186 186     0   2    0    0
237 237     0   1    0    0
147 147     1   0    0    0
239 239     0   0    1    0
241 241     0   0    0    0
199 199     0   1    0    1
232 232     0   1    1    0
233 233     0   0    0    1
198 198     0   1    1    1
169 169     0   0    2    0
Clustering vector:
  1   2   3   4   5   6   7   8   9  10  11  12  13  14  15  16  17  18  19  20 
  1   2   3   2   2   4   2   2   5   3   5   5   5   2   6   2   5   5   2   3 
 21  22  23  24  25  26  27  28  29  30  31  32  33  34  35  36  37  38  39  40 
  1   3   1   7   4   2   5   3   2   5   8   3   3   8   3   5   5   8   2   4 
 41  42  43  44  45  46  47  48  49  50  51  52  53  54  55  56  57  58  59  60 
  8   5   6   5   5   5   4   5   2   5   5   5   9  10   5   5   5   2   1   2 
 61  62  63  64  65  66  67  68  69  70  71  72  73  74  75  76  77  78  79  80 
  2   2   5   3   9   3   7   2   7   5   5   3   5   5   1   5   5   6   5   5 
 81  82  83  84  85  86  87  88  89  90  91  92  93  94  95  96  97  98  99 100 
  2   4   5   9   5   7   5   2   4   5   3   2   5   4   5   2   5   3   5   5 
101 102 103 104 105 106 107 108 109 110 111 112 113 114 115 116 117 118 119 120 
  2   2   2   4   7  10   2   5   5   2   5   5  10   7   7   3   1   5   2   2 
121 122 123 124 125 126 127 128 129 130 131 132 133 134 135 136 137 138 139 140 
  2   5  10   2   2   5   5   5   5   5   5   2   5   5   5   5   5   5   5   5 
141 142 143 144 145 146 147 148 149 150 151 152 153 154 155 156 157 158 159 160 
  7   1   5   6   5   7   3   5   2  10   5   7   7   5   2   4   2   4   2   5 
161 162 163 164 165 166 167 168 169 170 171 172 173 174 175 176 177 178 179 180 
  5   5   2   5   2   5   5   3  10   5   6   2   4   5   9   5   8   5   5   6 
181 182 183 184 185 186 187 188 189 190 191 192 193 194 195 196 197 198 199 200 
  5   2   1   7   9   1   1   2   5   2   8   5   2   5   5   5   2   9   6   5 
201 202 203 204 205 206 207 208 209 210 211 212 213 214 215 216 217 218 219 220 
  5   2   5   2   5   5   1   3   5   2   5   5   5   4   9   2   1   5   4   7 
221 222 223 224 225 226 227 228 229 230 231 232 233 234 235 236 237 238 239 240 
  2   5   5   5   4   9   5   5   5   2   5   7   8   2   2   5   2   5   4   5 
241 
  5 
Objective function:
    build      swap 
0.1244813 0.1244813 

Numerical information per cluster:
      size max_diss   av_diss diameter separation
 [1,]   12        2 0.6666667        3          1
 [2,]   53        0 0.0000000        0          1
 [3,]   17        2 0.6470588        3          1
 [4,]   15        0 0.0000000        0          1
 [5,]  102        0 0.0000000        0          1
 [6,]    7        1 0.2857143        1          1
 [7,]   14        1 0.1428571        1          1
 [8,]    7        0 0.0000000        0          1
 [9,]    8        1 0.5000000        2          1
[10,]    6        2 0.5000000        2          1

Isolated clusters:
 L-clusters: character(0)
 L*-clusters: [1] 2 4 5 8

Silhouette plot information:
    cluster neighbor   sil_width
1         1        2  0.27272727
23        1        2  0.27272727
59        1        2  0.27272727
142       1        2  0.27272727
186       1        2  0.27272727
187       1        2  0.27272727
75        1        6  0.01010101
183       1        6  0.01010101
217       1        6  0.01010101
117       1        7 -0.07142857
21        1        7 -0.10204082
207       1        7 -0.10204082
2         2        5  1.00000000
4         2        5  1.00000000
5         2        5  1.00000000
7         2        5  1.00000000
8         2        5  1.00000000
14        2        5  1.00000000
16        2        5  1.00000000
19        2        5  1.00000000
26        2        5  1.00000000
29        2        5  1.00000000
39        2        5  1.00000000
49        2        5  1.00000000
58        2        5  1.00000000
60        2        5  1.00000000
61        2        5  1.00000000
62        2        5  1.00000000
68        2        5  1.00000000
81        2        5  1.00000000
88        2        5  1.00000000
92        2        5  1.00000000
96        2        5  1.00000000
101       2        5  1.00000000
102       2        5  1.00000000
103       2        5  1.00000000
107       2        5  1.00000000
110       2        5  1.00000000
119       2        5  1.00000000
120       2        5  1.00000000
121       2        5  1.00000000
124       2        5  1.00000000
125       2        5  1.00000000
132       2        5  1.00000000
149       2        5  1.00000000
155       2        5  1.00000000
157       2        5  1.00000000
159       2        5  1.00000000
163       2        5  1.00000000
165       2        5  1.00000000
172       2        5  1.00000000
182       2        5  1.00000000
188       2        5  1.00000000
190       2        5  1.00000000
193       2        5  1.00000000
197       2        5  1.00000000
202       2        5  1.00000000
204       2        5  1.00000000
210       2        5  1.00000000
216       2        5  1.00000000
221       2        5  1.00000000
230       2        5  1.00000000
234       2        5  1.00000000
235       2        5  1.00000000
237       2        5  1.00000000
3         3        5  0.31250000
10        3        5  0.31250000
20        3        5  0.31250000
64        3        5  0.31250000
66        3        5  0.31250000
72        3        5  0.31250000
98        3        5  0.31250000
116       3        5  0.31250000
147       3        5  0.31250000
208       3        9  0.03571429
28        3        4  0.03125000
32        3        4  0.03125000
22        3        4 -0.11111111
168       3        4 -0.11111111
33        3        8 -0.20000000
35        3        8 -0.20000000
91        3        8 -0.20000000
6         4        5  1.00000000
25        4        5  1.00000000
40        4        5  1.00000000
47        4        5  1.00000000
82        4        5  1.00000000
89        4        5  1.00000000
94        4        5  1.00000000
104       4        5  1.00000000
156       4        5  1.00000000
158       4        5  1.00000000
173       4        5  1.00000000
214       4        5  1.00000000
219       4        5  1.00000000
225       4        5  1.00000000
239       4        5  1.00000000
9         5        2  1.00000000
11        5        2  1.00000000
12        5        2  1.00000000
13        5        2  1.00000000
17        5        2  1.00000000
18        5        2  1.00000000
27        5        2  1.00000000
30        5        2  1.00000000
36        5        2  1.00000000
37        5        2  1.00000000
42        5        2  1.00000000
44        5        2  1.00000000
45        5        2  1.00000000
46        5        2  1.00000000
48        5        2  1.00000000
50        5        2  1.00000000
51        5        2  1.00000000
52        5        2  1.00000000
55        5        2  1.00000000
56        5        2  1.00000000
57        5        2  1.00000000
63        5        2  1.00000000
70        5        2  1.00000000
71        5        2  1.00000000
73        5        2  1.00000000
74        5        2  1.00000000
76        5        2  1.00000000
77        5        2  1.00000000
79        5        2  1.00000000
80        5        2  1.00000000
83        5        2  1.00000000
85        5        2  1.00000000
87        5        2  1.00000000
90        5        2  1.00000000
93        5        2  1.00000000
95        5        2  1.00000000
97        5        2  1.00000000
99        5        2  1.00000000
100       5        2  1.00000000
108       5        2  1.00000000
109       5        2  1.00000000
111       5        2  1.00000000
112       5        2  1.00000000
118       5        2  1.00000000
122       5        2  1.00000000
126       5        2  1.00000000
127       5        2  1.00000000
128       5        2  1.00000000
129       5        2  1.00000000
130       5        2  1.00000000
131       5        2  1.00000000
133       5        2  1.00000000
134       5        2  1.00000000
135       5        2  1.00000000
136       5        2  1.00000000
137       5        2  1.00000000
138       5        2  1.00000000
139       5        2  1.00000000
140       5        2  1.00000000
143       5        2  1.00000000
145       5        2  1.00000000
148       5        2  1.00000000
151       5        2  1.00000000
154       5        2  1.00000000
160       5        2  1.00000000
161       5        2  1.00000000
162       5        2  1.00000000
164       5        2  1.00000000
166       5        2  1.00000000
167       5        2  1.00000000
170       5        2  1.00000000
174       5        2  1.00000000
176       5        2  1.00000000
178       5        2  1.00000000
179       5        2  1.00000000
181       5        2  1.00000000
189       5        2  1.00000000
192       5        2  1.00000000
194       5        2  1.00000000
195       5        2  1.00000000
196       5        2  1.00000000
200       5        2  1.00000000
201       5        2  1.00000000
203       5        2  1.00000000
205       5        2  1.00000000
206       5        2  1.00000000
209       5        2  1.00000000
211       5        2  1.00000000
212       5        2  1.00000000
213       5        2  1.00000000
218       5        2  1.00000000
222       5        2  1.00000000
223       5        2  1.00000000
224       5        2  1.00000000
227       5        2  1.00000000
228       5        2  1.00000000
229       5        2  1.00000000
231       5        2  1.00000000
236       5        2  1.00000000
238       5        2  1.00000000
240       5        2  1.00000000
241       5        2  1.00000000
15        6        2  0.66666667
78        6        2  0.66666667
171       6        2  0.66666667
180       6        2  0.66666667
199       6        2  0.66666667
43        6        2  0.58333333
144       6        2  0.58333333
24        7        2  0.84615385
67        7        2  0.84615385
69        7        2  0.84615385
86        7        2  0.84615385
105       7        2  0.84615385
114       7        2  0.84615385
141       7        2  0.84615385
146       7        2  0.84615385
152       7        2  0.84615385
153       7        2  0.84615385
184       7        2  0.84615385
232       7        2  0.84615385
115       7        2  0.53846154
220       7        2  0.53846154
31        8        5  1.00000000
34        8        5  1.00000000
38        8        5  1.00000000
41        8        5  1.00000000
177       8        5  1.00000000
191       8        5  1.00000000
233       8        5  1.00000000
65        9        7  0.50000000
84        9        7  0.50000000
185       9        7  0.50000000
198       9        7  0.50000000
53        9        6  0.33333333
226       9        6  0.33333333
175       9        7  0.33333333
215       9        4 -0.30000000
150      10        4  0.50000000
106      10        4  0.40000000
113      10        4  0.40000000
123      10        4  0.40000000
169      10        4  0.40000000
54       10        7  0.16000000
Average silhouette width per cluster:
 [1] 0.1159297 1.0000000 0.1228525 1.0000000 1.0000000 0.6428571 0.8021978
 [8] 1.0000000 0.3375000 0.3766667
Average silhouette width of total data set:
[1] 0.834732

Available components:
 [1] "medoids"    "id.med"     "clustering" "objective"  "isolation" 
 [6] "clusinfo"   "silinfo"    "diss"       "call"       "data"      
cluster 1 :  gut 
cluster 2 :  gut 
cluster 3 :  gross 
cluster 4 :  hose 
cluster 5 :   
cluster 6 :  gut kauf 
cluster 7 :  gut hose 
cluster 8 :  kauf 
cluster 9 :  gut hose kauf 
cluster 10 :  hose 
Vertex sequence:
[1] "gross" "gut"   "hose"  "kauf" 
