  score                              text
1     2 ich liebe dich. du bist wunderbar
2    -2      Ich hasse dich, geh sterben!
3     2    i love you. you are wonderful.
4    -2                  i hate you, die.
 [1] "Sehr zufrieden 5"                                                                                                                               
 [2] "Logistik schnell, etwas ein wenig hoch 5"                                                                                                       
 [3] "Sehr komfortabel, sehr cool Lauf 5"                                                                                                             
 [4] "Sehr gut, sehr fit. Zeigen Sie auf den Verkäufer, guter Service loben. 5"                                                                       
 [5] "Es Farbe 5"                                                                                                                                     
 [6] "Ja, es ist echt, guter Stoff, weiterhin auf die Zukunft konzentrieren. 5"                                                                       
 [7] "Trägt eine Menge Textur, nicht erfüllt 5"                                                                                                       
 [8] "Senden Sie eine Einkaufstasche, etwas Gutes, Lob 5"                                                                                             
 [9] "180 140 L ist gerade gut 5"                                                                                                                     
[10] "Absolutwert. Großartig! ! ! 5"                                                                                                                  
[11] "Authentic Premium-Kurier zu zwingen, einem Tag auf den Kunden-Service waren gut Nummern richtige Größe 5"                                       
[12] "Authentisch 5"                                                                                                                                  
[13] "Gute Qualität. Ohne Farbe. Sehr angenehm auf der Haut. Sehr fit 5"                                                                              
[14] "183cm 85kg L Nummer ist nützlich, Sinn für das Paket 5"                                                                                         
[15] "Etwas Gutes gestern, tragen genau das Richtige! Ich 180,74kg! Sehr gut, ist es relativ stolz auf die Kunden-Service, die oft nicht reagieren. 5"
[16] "Ja, das ist NIKE Produktqualität nicht so gut ist, dass, 5"                                                                                     
[17] "Gut 5"                                                                                                                                          
[18] "Gut 5"                                                                                                                                          
[19] "Recht 5"                                                                                                                                        
[20] "Okay 5"                                                                                                                                         
   [1]  1  2  2  4  0  0  1  2  1  1  3  1  4  2  3  1  1  1  1  0  0  0  3  5
  [25]  1  1 -1  3  1  4  4  3  0  1  2  0  1  1  3  3  1  1  1  0  2  2  2  1
  [49]  4  1  1  1  2  2  1  1  6  1  3  1  1  1  1  4 -1 -1 -1  0 -2  1  0  0
  [73]  0  1  0  1  1  1  3  0  1  0  0  6  1  1  2  1  0  0  2  0  2  1  2  3
  [97]  1  2  0  1  1 -2  1  2  1  2  2  1  2  1  0  5  4 -1  1  4  1  1  1  0
 [121]  2 -1  3  0  0  0  1  1  1  1  1  1  4  2  1  0  2  0  0  4  1  1 -1  1
 [145]  3  5 -1  4  0  4  1  1  0  1  2  1  1  1  1  1  1  1  2  0  2  0  0  2
 [169]  1  3  1  1  2 -1  0 -2  3  2  2  2  0  1 -1  1  1  1  1  1  1  3  2  1
 [193]  1  3  0  1  2  1  0  2  0 -1 -3  1  2  6  0 -1  0  2  3  1  1  3  1  1
 [217]  1  0  0  0  0  1  2 -1  1  1  2  3  2  1  1  1  0  3  3  1  1 -1  4  4
 [241]  1  1  1  0  1  1  5  2  1  4 -1 -3  0  1  2  1  2  6  0  4  0 -1  1  0
 [265]  0  0  1  2  1 -1  1  1  3  0  1  3 -1  2  0  1  1  2  1  1  0  1  1  2
 [289]  1 -1  2  0  0  0  0  1  1  0  1  1  1  0  1  3  1  5  0  0  2  1  0  1
 [313]  1  0  0  1  1  0  0  2  1  1 -1  1  1  1  3  1  0  0  3  3  2  1  0  1
 [337]  1  0  0  1  1  0  1  1 -1  8  0  2  0  0  2  3 -1  1  0  0  2  3  3  4
 [361]  3  1  0  1  0  2  0  1  1  1  2  1  1  2  1  2  2  4  3  0 -1 -2  2  0
 [385]  4  1  0  2  0  3  3  3  1  1  2  2  0  1  1  0  0  0  0  0 -1  3  0  1
 [409]  0  1 11  0  1  1  0  1  0  1 -1  1  0  0  2  1 -2  2  0  1  0 -2  0  0
 [433]  5  1  5  0  1  1  3  3  1 -2  0  3  0  1  1  0  0 -3  1  1  1  1  3 -2
 [457]  0  1  2  1  2  1  2  3 -1  1  1  1  2  2  1  2  1  0  0  3 -1  1  1  1
 [481]  1  0  2  3  0  1  0  1  1  2  1  0  3  1  1  1 -1  2  1  4  1  2  1  1
 [505]  0  1  2  1  1  3  3  2  1  0  1 -1  1  1  3  3  1 -1  5  1  1  1  0  0
 [529]  1  1  2  1  4  0  1  1 -1 -3  1  0 -1  2  5  3  0  0  3  3  2  1  2  1
 [553]  1  3  2  2  2  0  1  1  1 -1  2  1  0  2  4 -2  3  3  4  4  1  1  1  0
 [577]  3  2  0  1  1  3  2  3  1  2 -1  1  3  1  0  1  3  1  2  2  2  1  4  3
 [601]  6  2  1  0  3  1  1  0  1  0 -1  1  3  0  2  0  1  3  1  2  2  2  1  3
 [625]  1  0  1  0 -1  1  2  1  2  1  0  1  2  0  2  1  1  3  2  0  2  1  0  0
 [649]  4  2  2  1  0  1  2  0 -1 -3  1  1  0  5  1  1  5  1  3  2  1  1 -1  1
 [673]  0  2  3  2  0  2  0  2  1  1  2  1  0  3  2  1  2  0  2  1  3  0  1  0
 [697] -1  0  5  0  0  4  2  1  2  1  1  1  1  2  0  2  1  3  0  1  2  2  1  2
 [721]  2  0  1  2  0  0  0  1  0  4  2  3  2 -1  3  1  1  3  3  0  1  1 -1  0
 [745]  2  1 -1  1  1  0  1  1  1  2  3  0  1  4  0  0  1  1  2  2  2  1  0  1
 [769]  2  1  0  1  0  3  2  1  1  1  5  0  0  2  1  1  1  1 -1  1  0  2  2 -2
 [793]  6  1  2  1  1  2  0  1  1  2  2  0  1 -1  0  1  0 -1  1  0 -1 -1  1  2
 [817]  2  1 -2  1 -1  0 -1  1  0  1  2  0 -1  2  3  1  1  1  1  2  1 -2  1  0
 [841] -2  4  1  2  3  0  1  2  1  1  1  4  1  1  0  2  0  2  0  2  1  2  0  1
 [865]  0  2  0  3  1  2  0  2  2  3  1  1  1  4  1  3  0  0  0  1  2  0  3  2
 [889]  2  2  1  0  0  0  0  0  1  3  2  5 -1  1  0  0  1  3  5  3  1  2  2  1
 [913]  1  0  1  0  5  1  0  3  1 -3  0  0  0  4  1  3  1  1  1  4  3  1  2  1
 [937]  4 -1  2  3  2  1 -1  0  2  3  2  2  2 -1  1  1  5 -2  3  0  2  1  2  2
 [961]  1  1  0  2  1  1  2 -1  2  3  1  0  1  0  1  3  1  1  0  1 -2  0  1  1
 [985] -3  1  0  3  1  1  0  1  2  3  1  2 -1 -1  1  0  0  7  2  3  3  3  2  1
[1009]  1  0  0  2  0 -1  0  2  2  1  4  1 -1  1  0  2  2  5  1  3  0  1  0  2
[1033] -1  1  4  3  2  3  2  3  3  0  1  0  0  1  3  2  1  1  0  0  0  1  0  5
[1057]  2  2 -1 -1  2  1  2  2  1  1  0  1  1  6  2  2  1  2  0  2  2  2  2  2
[1081]  4  1 -2  1  1  1  2  1  0  1  1  1  0  1  1  1  0  1  3  8  2  3  0  6
[1105]  1  2  0  0  1  1 -2 -1  1  1  2  0  1  2  0  1  7  2  0  2  0  1  2  3
[1129]  1  1  1  0  2  3  6  1  2  1  4  3  1  1  3  2  1  4  1  1  1 -1  1  2
[1153]  2  0  1  1  0  1  3  6  1 -1  0 -1  3  1  1  0  0  1  2  0  0  2  4  1
[1177]  3  0  1  0  1  1  0  0  2  0  2  0  3  3  2  0  1 -1  0  1  1  1  2 -1
[1201]  0  1  0  1  1  2  3  2  1  3  1  2  1  1  2  0  1  1  0  1  4  1  1  2
[1225]  3  1  1  1  0  2  1  1  0  5  2  4  4  0 -1  3  2  1  1  1  3  2  1  0
[1249]  1  1  1  2  2  1  2  2  4  1  1 -1  2  2  2  2  1  1  1  0  0  2  1  1
[1273]  3  0  1  6 -1  0  0  0  0  3  2  1  0  0  1  1  2  1  0  2  2  2  1 -2
[1297]  4  1  0  3  1  0  0  0  1  0  1  3  1  0  1  0  2  0  1  3  2  3  0  3
[1321]  1  3  0  0  2  0  2  0  1  1  0  0  2  2  3  0  3  2  1  1  0  1  1  1
[1345]  1  0  1  0 -1  2  1  0 -1  4  1  2  1  1  3 -2  1  1  1  2  0 -2  1  1
[1369]  2  1  6  1  2  0  1  1  1  3  2  2  0 -3  1  2 -2  1  1  1  1  1  1  0
[1393]  1  1  0  0  2  4  1  1  0  2  0  1  2  1  1  5  1  1  1  4  0  2  3  2
[1417] -1  0  2  3  0  0  2  1  3  1  1 -1  1  1  1  2  2  1  2  1  1  1  3  1
[1441]  1  0  4  1  1  1  1  4 -1  1  4  1  1  4  2  0  0  2  3  2  1  1  4  1
[1465]  1  1  0  0 -1  1  1  3  1  1  1  3  1  1  1  0  1  1  0  1 -1  1  0  1
[1489]  0  1  6  3 -1  2  3  0  2  4  1  1  5  2  2  1  1  2  2  2  0  0  0  5
[1513]  0  3  0  1  1  1  2  2  1  0  1  0  5  0  0  0  0  1  1  2  1  0  1  1
[1537]  2  3  0  2  4  1  2  2  3  0  0  2 -1 -1  1  0  1  0  2  1  0  0  2  0
[1561]  4  1  2  3  2  1  1  0  0  3  1  1  4  0  1  0  0  1 -1  3  2  1  5  1
[1585]  4  0  0  0  2  1  1  1  1  0  1  1  3  0  0 -1  1  4  0 -1  1  3  3  0
[1609]  4  1  1  1  3  3  1  0  1  3  1  1  1  4  1  1  1  1  2  1  1  1  1  0
[1633]  4  0 -1  1  1  1  2  1  1  1  1 -2  1  1  2  1  0  0  1 -1  2  0 -4  1
[1657]  4  3 -1  1  3  4 -1  5  4  1  2 -1  2  4  3  0  2  0  0  1  3  1  2  1
[1681]  1  2  1  1  2  1  0  3  3  2  2  1  5  3  1  1  1  1  2  1  0  1  0  1
[1705]  1  4 -3  0  7  1  0 -1  2  1  1  3 -1  0  1  2  0  1  1  1  4  1  2  1
[1729]  0  1  1  4  1  1  0  3  1  3  1  0  1  3  0  0  0  2  0  3 -1  1  2  0
[1753]  1  2  1  0  3  1  0  0  2  0  1 -1  1  2  0  1  1  1  0  0 -2  4  0  2
[1777]  0 -1  2  2  2  1  4  1  0  1  2  2  4  0  4  1  2  2 -1  1  0  2  4  1
[1801]  4  1  0  1  1 -2  1  1  1  1  4  1  2  2  1  2  3  2  1  1  1  0  1  1
[1825]  2 -1  0  0 -2  8  0  1  1  0  2  7  4  4  1  1  1  0  4  1  1  2 -1  0
[1849]  1  2  1  1  0  0  0  2  1  2  1  1  1 -2  0  0  1  1  3  1  1  1  1  1
[1873] -1  0  1  1  4  0  2  0  3  1  1  1  0  4  1  3  1  1  1  0  1  0  1  0
[1897]  1  3  1  1  0  0  0  0  0  2  5  2  1  1  1  0  2  2  1  3  1  1  0  4
[1921]  0  0  4  0  4 -1  2  1  1  1  1  3  1  1  3  1  2  3  1  1  0  4  0  1
[1945]  2  0  2  2  1  0  2  1 -1  0 -1  0  0  1  0  1  2  0  1  0  0  0  0  0
[1969]  1  0  0  2  2  2  3  1 -1 -1  3  2  1  2  1  2 -1  2  2  0  2  1  1  1
[1993]  3  2  2  1  1  2  1  0  4  3  1  1  3  3  1  1  1  2  3  0  2  1  2  2
[2017]  3  2  0  0  0  3  0  1  3  1  1  2  4  2  0  5  2  6  1  1  2  3  1  1
[2041]  1  1 -1  0  1  1  0  3 -4 -3  3  4  7  2  1  5  1  1  0 -2  0  1  1  1
[2065]  1  2  2  2  2  2  4  1  5  1  0  2  3  1  3  1  2  1  2  2  1 -1  1  2
[2089]  1  1  2 -4  3  1  5  1  1 -2  0  1  5  0  1  1  0  1  2  6  2  1  3  5
[2113]  1  2  1  3  3  3  1  6  1  0  3 -3  3  4  1  0  0  1  5  0  2 -7  4  3
[2137]  0  1  0  0  1  3  0 -2  3  1  2  1  1  2  2  3  2  0  2  0  1  2  0 -1
[2161]  0  4  2  1  1  1  0  1 -2  1  1  1  0  1  3  1  3  3  2  1  3  2  0  2
[2185]  1  2  1  0 -1  1  1  1  1  6  1  1  2  1 -5  2  2  1  3  1  0  3  2  2
[2209]  1  1  1  0  0  1  0  3  1  0  0 -1  0  4  2  3  1  0  1  3  1  2  1  1
[2233]  0  1  3  1  1  1  0  2  1  1  3  3  0  0  2  1 -2  1  1  1  1  1  1  1
[2257]  3  2  0 -2  1  1  2  1  0  2  9  0  1  1  2  2 -1  2  2  3  1  2  0  0
[2281]  1  1  3  2  1  1  3  1  2  5  1  0  2  5  1  1  2  0  1  0  2  1  3  1
[2305]  2  1  1  7  0  1  1  1  1  1  0  0  1  2  1  1 -1  1  0  2  2 -2  1  2
[2329]  3  3  2 -1 -2  1  4  1  1  1  4  0  3  2  1 -2  1  0  2  2  0  4  1  5
[2353]  1  0  0  0  0  0  0  2  2  0  1  0  0  3  2  1  1  1  0  5  4  1  1  3
[2377]  2  1  1  2  1  0  2  0  0  0  0  0  2  1  0  1  1  5  1  1 -1 -2  2  2
[2401]  1  1  1
[1] 4.898876
[1] 1.238452
[1] 0.2549654
[1] 2.204982
[1] 0.1086361
[1] 0.1448875
      Scores
Sterne  -7  -5  -4  -3  -2  -1   0   1   2   3   4   5   6   7   8   9  11
     1   1   1   1   0   1   3   5   3   2   0   0   0   0   0   0   0   0
     2   0   0   0   0   4   3   5   6   1   0   1   0   0   1   0   0   0
     3   0   0   0   0   2   1  16  10   2   1   0   0   0   0   0   0   0
     4   0   0   0   0   2   3  14  20   3   2   2   0   0   1   1   0   0
     5   0   0   2  11  27 103 470 870 422 220  95  40  17   4   2   1   1
