  [1]  0.7432  0.6065  0.0000  0.3716  0.3716  0.4895  0.3716  0.3716  0.0000
 [10]  0.0040  0.0000  0.0000  0.0000  0.3668  0.3796  0.3716 -0.2842  0.1131
 [19]  0.3716  0.0040  1.3219 -0.0048  0.8406  0.3716 -0.7618  0.3716  0.0000
 [28] -0.0426  0.3716  0.2396  0.0040  0.0000  0.0040 -0.7626  0.1014  0.0000
 [37]  0.0000  0.2389  0.3756  0.0000  0.0040  0.0000 -0.1300  0.0000  0.0040
 [46]  0.0000  0.0974  0.1808  0.3756 -0.6688 -0.7873  0.0000  0.7314  0.3549
 [55]  0.0974 -0.1665  0.0000  0.0874  0.7432  0.4718  0.4885  0.3716  0.0000
 [64]  0.0040  0.3756  0.0000  0.3716  0.3716  0.3716  0.0000 -0.7706  0.0000
 [73]  0.3686 -0.0167  0.7472 -0.3623  0.0000  0.3756  0.0000  0.0000  0.3716
 [82]  0.7246  0.3686  0.3756  0.0000  0.3716  0.0000  0.0874  0.0000  0.0000
 [91] -0.2675  0.3716  0.0000  0.0000  0.2315  0.5983  0.0040  0.0080  0.7246
[100]  0.4511  1.0962  0.3716  0.1975  0.0000  0.6065 -0.2715 -0.3950  0.0040
[109] -0.0107  0.3716  0.0000  0.0000 -1.1329  0.7154  0.3708  0.0000  0.2416
[118]  0.0000  0.3716  0.3716  0.3716  0.0040 -0.0048  0.3716  0.7402  0.5066
[127]  0.2349  0.0000  0.0040  0.0000  0.2262  0.3716  0.0000  0.0000  0.0040
[136]  0.0000  0.1169  0.0000  0.3686  0.0040  0.3716  0.7432  0.0000 -0.0672
[145]  0.0000  0.3716 -0.7666 -0.0215  0.3716  0.0040  0.0040  0.3756  0.3832
[154]  0.0000  0.1107  0.0000  0.3716  0.7317  0.8603  0.3686  0.0040  0.0000
[163]  0.3716  0.0000  0.3716  0.0000  0.0000 -0.1683  0.0000  0.0000  0.1041
[172]  0.3716  0.5892  0.0000  0.3708  0.4734  0.0040  0.7246  0.0000  0.5794
[181] -1.0080  0.3716  0.7472  0.8555  0.3708  0.8601  0.9380  0.3716  0.1169
[190]  0.4690  0.0040  0.0000  0.3756  0.1131  0.0000  0.0000  0.3716  0.3756
[199]  0.3756  0.1808  0.0000  0.3756  0.0000  0.3716  0.0000  0.6145  0.7432
[208] -0.5100  0.0000  0.3716  0.4887  0.0000 -0.3623  0.0000  0.2101  0.9577
[217]  1.2250  0.0000 -0.2851  0.4594  0.3716  0.0384 -0.1756  0.0000  0.7286
[226]  0.8231  0.1131  0.0000  0.3686  0.3716  0.0000  0.3549  0.0040  0.3716
[235]  0.3756  0.0000  1.8248  0.7246  0.0000  0.0040  0.0000
[1] "Mean"
[1] 4.755187
[1] 0.1946793
[1] "Median"
[1] 5
[1] 0.1014
[1] "Varianz"
[1] 0.5356501
[1] 0.134694
[1] "Standardabweichung"
[1] 0.7318812
[1] 0.3670068
[1] "Korrelationskoeffizient"
[1] 0.2337115

	One Sample t-test

data:  Sterne
t = 100.86, df = 240, p-value < 2.2e-16
alternative hypothesis: true mean is not equal to 0
95 percent confidence interval:
 4.662317 4.848057
sample estimates:
mean of x 
 4.755187 


	One Sample t-test

data:  Scores
t = 8.2348, df = 240, p-value = 1.161e-14
alternative hypothesis: true mean is not equal to 0
95 percent confidence interval:
 0.1481089 0.2412496
sample estimates:
mean of x 
0.1946793 

