  [1]  0.0000  0.8683  0.3832  0.0000  0.0000  0.3716 -0.0008  0.7402  0.5740
 [10]  0.0000  0.0080  0.3716  0.7472  0.0000  0.7432  0.0000  0.0000  0.0040
 [19]  0.3716  0.3716  0.0000  0.2300  0.7432  0.3716  0.0000  0.7432  0.6065
 [28]  0.0000  0.3716  0.3716  0.4895  0.3716  0.3716  0.0000  0.0040  0.0000
 [37]  0.0000  0.0000  0.3668  0.3796  0.3716 -0.2842  0.1131  0.3716  0.0040
 [46]  1.3219 -0.0048  0.8406  0.3716 -0.7618  0.3716  0.0000 -0.0426  0.3716
 [55]  0.2396  0.0040  0.0000  0.0040 -0.7626  0.1014  0.0000  0.0000  0.2389
 [64]  0.3756  0.0000  0.0040  0.0000 -0.1300  0.0000  0.0040  0.0000  0.0974
 [73]  0.1808  0.3756 -0.6688 -0.7873  0.0000  0.7314  0.3549  0.0974 -0.1665
 [82]  0.0000  0.0874  0.7432  0.4718  0.4885  0.3716  0.0000  0.0040  0.3756
 [91]  0.0000  0.3716  0.3716  0.3716  0.0000 -0.7706  0.0000  0.3686 -0.0167
[100]  0.7472 -0.3623  0.0000  0.3756  0.0000  0.0000  0.3716  0.7246  0.3686
[109]  0.3756  0.0000  0.3716  0.0000  0.0874  0.0000  0.0000 -0.2675  0.3716
[118]  0.0000  0.0000  0.2315  0.5983  0.0040  0.0080  0.7246  0.4511  1.0962
[127]  0.3716  0.1975  0.0000  0.6065 -0.2715 -0.3950  0.0040 -0.0107  0.3716
[136]  0.0000  0.0000 -1.1329  0.7154  0.3708  0.0000  0.2416  0.0000  0.3716
[145]  0.3716  0.3716  0.0040 -0.0048  0.3716  0.7402  0.5066  0.2349  0.0000
[154]  0.0040  0.0000  0.2262  0.3716  0.0000  0.0000  0.0040  0.0000  0.1169
[163]  0.0000  0.3686  0.0040  0.3716  0.7432  0.0000 -0.0672  0.0000  0.3716
[172] -0.7666 -0.0215  0.3716  0.0040  0.0040  0.3756  0.3832  0.0000  0.1107
[181]  0.0000  0.3716  0.7317  0.8603  0.3686  0.0040  0.0000  0.3716  0.0000
[190]  0.3716  0.0000  0.0000 -0.1683  0.0000  0.0000  0.1041  0.3716  0.5892
[199]  0.0000  0.3708  0.4734  0.0040  0.7246  0.0000  0.5794 -1.0080  0.3716
[208]  0.7472  0.8555  0.3708  0.8601  0.9380  0.3716  0.1169  0.4690  0.0040
[217]  0.0000  0.3756  0.1131  0.0000  0.0000  0.3716  0.3756  0.3756  0.1808
[226]  0.0000  0.3756  0.0000  0.3716  0.0000  0.6145  0.7432 -0.5100  0.0000
[235]  0.3716  0.4887  0.0000 -0.3623  0.0000  0.2101  0.9577  1.2250  0.0000
[244] -0.2851  0.4594  0.3716  0.0384 -0.1756  0.0000  0.7286  0.8231  0.1131
[253]  0.0000  0.3686  0.3716  0.0000  0.3549  0.0040  0.3716  0.3756  0.0000
[262]  1.8248  0.7246  0.0000  0.0040  0.0000
[1] "Mean"
[1] 4.759398
[1] 0.2023165
[1] "Median"
[1] 5
[1] 0.10275
[1] "Varianz"
[1] 0.5456661
[1] 0.1311589
[1] "Standardabweichung"
[1] 0.7386921
[1] 0.3621587
[1] "Korrelationskoeffizient"
[1] 0.2250473

	One Sample t-test

data:  Sterne
t = 105.08, df = 265, p-value < 2.2e-16
alternative hypothesis: true mean is not equal to 0
95 percent confidence interval:
 4.670220 4.848577
sample estimates:
mean of x 
 4.759398 


	One Sample t-test

data:  Scores
t = 9.1112, df = 265, p-value < 2.2e-16
alternative hypothesis: true mean is not equal to 0
95 percent confidence interval:
 0.1585951 0.2460380
sample estimates:
mean of x 
0.2023165 

