   [1]  0.0000  0.1209  0.0840  1.8364  0.0000  0.3716  0.0000  1.0962  0.3716
  [10]  0.0000  0.3756  0.0000  1.2289  0.0040  0.8309  0.3716  0.3716  0.3716
  [19]  0.0040  0.0000  0.0000  0.0000  0.3796  0.5564  0.4887  0.3716  0.0000
  [28]  0.3796  0.3716  0.6096  1.2319  0.0000  0.0000  0.4887  0.4343  0.3668
  [37]  0.0040  0.3716  0.7432  0.0160  0.0000  0.0000  0.3716  0.0000  0.2156
  [46]  0.3716  0.4855  0.3716  0.2100  0.3716  0.0000  0.7246  0.3716  0.0851
  [55]  0.3716  0.0000  0.6707  0.3686  0.3756  0.2267  0.3716  0.3716  0.2349
  [64]  0.1249  0.0040  0.0000 -0.7706  0.0000  0.0040  0.0040  0.4734  0.0000
  [73]  0.0000  0.1041  0.0000  0.0000  0.3716  0.0040  0.0120  0.0000  0.0080
  [82]  0.0040  0.0040  1.5040  0.3716  0.3716  0.3756  0.3716  0.0000  0.0000
  [91]  0.1169  0.0000  0.4885  0.0000  0.7432  0.3756  0.0040  0.1209  0.0000
 [100]  0.3716  0.3716 -0.2715  0.0040  0.8643  0.3756  0.4885  0.3716 -0.0349
 [109]  0.4567  0.3146  0.3756 -0.7637  0.4730  0.1169  0.0000  0.0072  0.0116
 [118]  0.3716  0.3716  0.0000  0.3716  0.0000  0.4885  0.3756  0.0000  0.0000
 [127] -0.7666  0.3716  0.3726  0.3716  0.0000  0.0040  0.3806  0.3802  0.3716
 [136]  0.0000  0.3716  0.3756  0.0000  0.4847  0.4855  0.2296  0.0000  0.3716
 [145]  0.4636  1.2317  0.0000  0.5892  0.0000  0.0974  0.3716  0.3716  0.3716
 [154]  0.0000  0.3716  0.0711  0.0000  0.0000  0.3716  0.0000  0.3716  0.3591
 [163]  0.3716  0.1169  0.3716 -0.0369  0.3756  0.4516  0.3716  0.3716  0.0040
 [172]  0.0040  0.8415 -0.7706  0.0000 -0.2715  0.0000  0.9566  0.7402  0.0000
 [181]  0.0000  0.0000 -0.0542  0.3716  0.0040  0.3716  0.3756  0.3756  0.3756
 [190]  0.2338  0.4885  0.3716  0.2389  0.7432  0.0000  0.0000  0.3716  0.3595
 [199]  0.0000  0.3716  0.0000  0.8377 -0.9686  0.3716  0.3756  1.2213  0.0000
 [208]  0.5066  0.0000  0.3716  0.8202  0.3716  0.0000  0.7432  0.0800  0.3716
 [217]  0.3716  0.3716  0.0000  0.0000  0.0000  0.3716  0.3716 -0.2715  0.3716
 [226]  0.7402  0.3716  0.9553 -0.1340  0.3716  0.3716  0.3716  0.0000  0.3756
 [235]  0.5066  0.3716  0.0000 -0.3025  0.3756  0.4885  0.0000  0.0000  0.1169
 [244]  0.0000  0.0000  0.0974  0.7192  0.0000  0.4717  1.4816 -0.0048 -0.2960
 [253]  0.0000  0.3686  0.3716  1.0962  0.3716  1.0753  0.0000  0.3716  0.0000
 [262]  0.0000  0.3686  0.4571  0.2170  0.0000  0.0040  0.7432  0.3716  0.3716
 [271]  0.3716  0.4887  0.3756  0.3716  0.3716  0.2943  0.3756  0.6022  0.0000
 [280]  0.0000  0.3716  0.3756  0.3716  0.3716  0.0000  0.3686  0.3686  0.3756
 [289]  0.3716  0.0000  0.7246  0.0000  0.0000  0.0000  0.0000  0.0040  0.0040
 [298]  0.0000  0.3716  0.0800  0.3756  0.0000  0.0040  0.4885  0.0000  0.8571
 [307]  0.4885  0.0000  0.3716  0.3716  0.0000  0.0000  0.0000  0.0000  0.0000
 [316]  0.3756  0.3716  0.0000  0.0000  0.3756  0.3716  0.2267 -0.0710  0.0040
 [325]  0.4730  0.0000  0.7472  0.1169  0.0000  0.3756  1.7190  0.5754  0.3796
 [334]  0.3716  0.0000  0.0851  0.0040  0.0000  0.3716  0.0800  0.3716  0.3716
 [343]  0.3716  0.3716 -0.0008  1.3119  0.0000  0.3716  0.0000  0.0000  0.5687
 [352]  0.0120 -0.3990  0.3716 -0.3746  0.1874 -0.1795  0.7512  0.0080  0.3796
 [361]  0.7432  0.0000  0.0000  0.7246  0.0000  0.3832  0.0000  0.0000  0.3716
 [370]  0.3716  0.3686  0.3716  0.3716  0.3726  0.0000  0.3716  0.0000  0.8721
 [379]  1.1148  0.0000  0.0000  0.0000  0.4847  0.1041  0.6942  0.3716  0.0000
 [388]  0.4885  0.0000  0.6134  0.8603  0.7538  0.3716  0.3716  0.1169  0.3716
 [397]  0.0000  0.0000  0.0974  0.0000  0.0000  0.0000  0.0000 -0.8402  0.0000
 [406]  0.1209  0.0000  0.0040  0.0000  0.0000  4.0876  0.0080  0.1169  0.7246
 [415]  0.7384  0.0040  0.0000  0.0000 -0.7706  0.3716  0.0000  0.1041  0.3716
 [424]  0.3716  0.0040  0.0000  0.0000  0.3686  0.3716 -0.3320  0.0040  0.3716
 [433]  0.8603  0.3716  0.2527  0.0000  0.0000  0.3716 -0.1846  0.2641  0.3716
 [442] -0.2715  0.0000  1.4678  0.0000  0.3716  0.3716  0.0000  0.0040 -1.4301
 [451]  0.3716  0.3716  0.0040  0.3716  0.0880  0.0000 -0.4546  0.0000  0.3756
 [460]  0.0000  0.4516  0.3716  0.0840  1.3221  0.0000  0.0000  0.8611  0.0000
 [469]  0.3686  0.4885  0.0000  0.3716  0.2349  0.0000  0.1001  0.0080  0.0000
 [478]  0.2338  0.0000  0.0000  0.3716  0.0000  0.0840  0.7522  0.0000  0.0040
 [487]  0.0000  0.3716  0.0040  0.3716  0.3716  0.1169  1.4648  0.3716  0.0000
 [496]  0.3716  0.0000  0.5003  0.0000  1.1936  0.0080 -0.0517  0.3756  0.3756
 [505] -0.4691  0.5489  0.3652  0.0840  0.0040  0.7472  0.5051  0.0120  0.3406
 [514]  0.0000  0.3716  0.0000  0.0000  0.0040  0.3756  0.0040  0.0000  0.0000
 [523]  0.6176  0.3716  0.0000  0.3716  0.0000  0.3716  0.3716  0.3716  0.0800
 [532]  0.3716  0.3756  0.0000  0.3716  0.0040 -0.7706 -0.7706  0.2176  0.0040
 [541]  0.0000  0.7204  0.1289  0.4646 -0.0167  0.0000  0.9772  0.7152  0.7286
 [550]  0.3716  0.1169  0.3686  0.0000  0.4885  0.0000  0.0800  0.3716  0.5514
 [559]  0.3716  0.0040  0.3716  0.3668  0.7432  0.0974  0.0000  0.3716  0.3872
 [568] -0.0048  1.2213  0.0000  0.3716  0.4757  0.3716  0.3716  0.3716  0.0000
 [577]  0.6151  0.4790  0.0000  0.1169  0.3716  0.2418  0.3756  1.2317  0.0000
 [586]  0.3756 -0.2715  0.0000  1.1188  0.0000  0.0000  0.3716  0.7442  1.1118
 [595]  0.1825  0.3716  0.3716  0.7246  0.8603  0.6174  1.1061  0.7432  0.0000
 [604]  0.0000 -0.2101  0.3756  0.0800  0.0000  0.0040  0.0000  0.0800  0.0000
 [613]  0.4925  0.0000  0.3716 -0.7706  0.2346  0.1249  0.0840  0.7402  1.0962
 [622]  1.0962  0.0040  0.4730  0.3716  0.0040  0.3686  0.0000  0.0000  0.0040
 [631]  0.5754  0.1852  0.7362  0.0040  0.0000  0.0840 -0.0008  0.0000  0.4885
 [640]  0.0000  0.2267  0.4746  0.7432  0.3716  0.9592  0.3716  0.0000  0.3716
 [649]  0.3796  0.8149  0.7432  0.0000  0.0000  0.4887  0.7402  0.0000  0.1374
 [658] -0.7771  0.3716  0.3716  0.0000  0.6174  0.0000  0.0000  0.3796  0.3716
 [667]  0.3716  0.4556  0.3716  0.3716  0.3668  0.0040  0.0000  0.3716  0.7286
 [676]  0.3756 -0.2715  0.0080  0.0000  0.0000  0.4556  0.4516  0.7432  0.3716
 [685]  0.1157  0.4927  0.3756  0.0040  0.7250  0.0000  0.2418  0.4885  1.8208
 [694]  0.0000  0.0040  0.1001  0.0000 -0.2675  0.4967  0.0000  0.0000  1.6035
 [703]  0.4516  0.3716  0.7154  0.3716  0.3716  0.3716  0.3716  0.4885  0.0000
 [712]  0.8415  0.3686  0.7432  0.0000  0.3716  0.1969  0.7432  0.0800  0.2143
 [721]  0.4855  0.0000  0.3716  0.4516  0.0000  0.0000  0.0000  0.0000  0.0000
 [730]  1.1782  1.1198  0.8202  0.3668 -0.2984  0.4885  0.3716  0.3756  0.4885
 [739]  0.4925  0.0000  0.3716  0.3686  0.0000  0.0000  0.0000  0.3716 -0.1384
 [748]  0.3716  0.0000  0.0000  0.3716  0.0032  0.0000 -0.2715  1.1936  0.0000
 [757]  0.4887  0.2418 -0.0369  0.0040  0.4887  0.0000  0.7402  0.7432  0.4885
 [766]  0.0792  0.0000  0.3716  0.3716  0.0040  0.0000  0.0040  0.1001  0.0116
 [775]  0.3756  0.3716  0.3756  0.0040  0.4596  0.0000  0.0000  0.2418  0.3716
 [784]  0.0116  0.3716  0.0000 -0.2675  0.3686  0.0000  1.1002  0.1041  0.7472
 [793]  0.4891  0.0000  0.9816  0.0000  0.3716  0.3716  0.1001  0.3716  0.0000
 [802]  0.3716  0.0000  0.0000  0.3756  0.0000  0.0000  0.0040  0.0000 -0.3320
 [811]  0.0000  0.0000  0.0040  0.0040  0.3716  0.3716  0.3756  0.4927 -0.3865
 [820]  0.3716  0.0040 -0.0048  0.0000  0.3716  0.3716  0.0000  0.4855  0.0000
 [829] -0.4913  0.3716  0.3796  0.0000  0.3716  0.3347  0.3716  0.3716  0.3686
 [838] -0.3571  0.0040  0.1975  0.1041  0.7246  0.3716  0.3716  0.3716  0.0000
 [847]  0.0080  0.3716  0.0000  0.4887  0.3716  0.4885  0.1169  0.0032  0.0000
 [856]  0.0080  0.1169  0.7432  0.3716  0.3716  0.3716  0.0080  0.0000  0.3716
 [865]  0.0000  0.2072  0.0116  0.4680  0.0000  0.4690  0.0000  0.1041  0.3756
 [874]  0.4693  0.0000  0.1169  0.0800  0.0080  0.0000  0.3756  0.0000  0.1169
 [883]  0.0000  0.3716  0.3756 -0.2635  0.3716  0.4885  0.3716  0.3716  0.7246
 [892]  0.0000  0.0000  0.0800  0.1041  0.0974  0.0839  0.4885  0.3716  0.8641
 [901] -0.2675  0.3716 -0.1996  0.0000  0.3716  0.7432  0.6102  0.3398  0.0000
 [910]  0.3716  0.3716  0.3716  0.0040  0.0000  0.1131  0.0000  0.9896  0.1169
 [919]  0.0000  0.3757  0.4887  0.2256  0.0000  0.3716  0.0000  0.6525  0.0000
 [928]  1.8394  0.0040  0.3716  0.0040  1.9400  0.0880  0.3668  0.7432  0.3756
 [937]  1.0962  0.4925  0.3756  0.4516  0.7432  0.3716  0.0040  0.0000  0.0000
 [946]  0.1325  0.7432  0.3716  0.3862  0.0000  0.0040  0.3716  1.5817 -0.1546
 [955]  1.3380  0.0000  0.8603  0.3716  1.2133  0.4516  0.0000  0.3716  0.0000
 [964]  0.8323  0.7246  0.0040  0.3716  0.0040  0.0040  0.4690  0.7246  0.0000
 [973]  0.3716  0.3668  0.1169  0.3756  0.3832  0.7246  0.0000  0.0000 -0.0357
 [982]  0.3716  0.3716  0.3716 -1.2674  0.7402  0.0040  0.0800  0.0000  0.0000
 [991]  0.0000  0.0040  0.1169  0.3716  0.0040  0.3716  0.7432 -0.7706  0.3716
[1000]  0.0000  0.0000  1.7286  0.2338  0.3796  0.3796  0.1169  0.3716  0.3716
[1009]  0.0000  0.0000 -0.6581  0.3587  0.0000 -0.7706  0.0000  0.5861  0.0840
[1018] -0.6815  0.1998  0.3716  0.0000  0.0000  0.0000 -0.2675  0.4486  1.2171
[1027]  0.0040  0.3756  0.0000  0.2344  0.0000  0.3716  0.0000  0.0000  0.1825
[1036]  0.7432  0.4885  0.3756  0.3716  0.6174  0.7432  0.0000  0.0000  0.3716
[1045]  0.0000  0.0000  0.2198  0.3716  0.0000  0.0000 -0.1546  0.0000  0.3716
[1054]  0.0000  0.0040  0.9770  0.8681  0.7432  0.0000  0.0000  0.3686  0.0000
[1063]  0.0080  0.3716  0.3716  0.0080 -0.3990  0.0000  0.7246  1.5872  0.0000
[1072]  0.2267  0.0040  0.3716  0.3668  0.2408  0.7432  0.0080  0.4516  0.3716
[1081]  1.0746  0.0000  0.3716  0.3686  0.0000  0.0040  0.3716  0.0000  0.0000
[1090]  0.2344  0.3716  0.3716  0.0040  0.1169  0.3716  0.3716  0.0000  0.0000
[1099]  0.3716  2.2947  0.3716  1.1002  0.3716  0.7472  0.3716  0.3716  0.3716
[1108]  0.0000  0.2267  0.4670  0.0000 -0.2715  0.0040  0.0000  0.7419  0.0000
[1117]  0.3716  1.5632  0.0000  0.3716  2.3152  0.8603  0.0000  0.4690  0.0040
[1126]  0.0000  0.3872  0.3716  0.0032  0.3796  0.0000  0.0000  0.4887  0.8046
[1135]  1.3644  0.0040  0.7432  0.3716  0.1651  0.8406  0.4765  0.3716  0.7552
[1144]  0.4516  0.3716 -0.5810  0.0040  0.6783  0.1405 -0.2715  0.3716  0.4887
[1153]  1.1969  0.0000  0.3716  0.0040  0.0000  0.1131  0.4726  1.4864 -0.2715
[1162]  0.0040  0.0000 -0.2675  0.7432  0.3716  0.3716  0.0000 -0.3320  0.0000
[1171]  0.8601  0.0356  0.0356  0.4516  0.8603  0.1169  0.4885  0.3716  0.4887
[1180]  0.0000  0.3716  0.3716  0.0000  0.3716  0.0000  0.1169  0.7402 -0.0048
[1189]  0.7512  0.7512  0.3716  0.0000  0.0000 -0.6744  0.0000  0.0040  0.4885
[1198]  0.3756  0.6134 -0.0350  0.3716  0.0000  0.0000  0.0000  0.3716  0.7402
[1207]  0.3796  0.4885  0.3716  0.8681  0.0040  0.0040  0.3796  0.3716  0.3716
[1216]  0.0000 -0.1118  0.3716  0.0000  0.4887  1.1118  0.6066  0.3686  0.0000
[1225]  0.3796  0.0040  0.3716  0.0000  0.0000  0.0040  0.4887  0.3716  0.0000
[1234] -0.8314  0.0040  1.4532  1.4532  0.7432 -0.0048  0.8232  0.3756  0.0000
[1243]  0.0080  0.3716 -0.1701  0.0080  0.0000  0.0000  0.3716  0.0040  0.0040
[1252]  0.2349  0.0040  0.4734  0.9664  0.4885 -0.7618  0.3716  0.3716 -0.7706
[1261]  0.4885  0.3716  0.4885  0.3716  0.7246  0.7246  0.3716  0.0000  0.0040
[1270]  0.0000  0.3716  0.3716  0.4516  0.1001  0.0040  0.9810  0.0000  0.0000
[1279]  0.0000  0.0000  0.0000  0.3668  1.4598  0.4887  0.0000  0.0000  0.0000
[1288]  0.3716  0.4885  0.1169  0.0000  1.4026  0.7432  0.4847  0.0000 -0.0120
[1297]  0.3716  0.2210  0.3716  0.8603  0.3716  0.0000  0.0000  0.3796  0.0000
[1306]  0.0000  0.3686  0.7472  0.3716  0.3716  0.0000  0.0000  0.4885  0.0000
[1315]  0.3716  0.9772  1.2319  1.4268  0.0000  1.8178  0.0040  0.3756  0.0040
[1324]  0.0000  0.3756 -0.2715  0.5725  0.0000  0.3716  0.3716  0.3716  0.0000
[1333]  0.3716  0.0000  0.2384  0.0000  0.8571  0.7114  0.3716  0.0000  0.1001
[1342]  0.3716  0.3716  0.3716  0.3716  0.0000  0.4887  0.0000 -0.7706  0.5754
[1351]  0.3716  0.0000  0.3549  1.2131  0.0000  0.7432  0.3716  0.4885  0.0196
[1360]  0.0040  0.3991  0.2346  0.3716  0.3716  0.2350  0.0000  0.0000  0.3716
[1369]  0.1169  0.3716  1.4718  0.3716  0.3716  0.0040  0.0000  0.3756  0.2418
[1378] -0.1715  0.5872  0.3716  0.3716 -0.0149  0.3686  0.4774  0.0000  0.0040
[1387]  0.3716  0.3716  0.0080  0.3716  0.3716  0.0000  0.0000  0.3716 -0.1745
[1396]  0.0000  0.4885  0.7512  0.0800  0.3146  0.0000  0.2458  0.3716  0.0040
[1405]  0.2346  0.3716  0.3716  0.8438  0.0000  0.3716  0.4925  0.7432  0.0000
[1414]  0.9578  0.8601  0.3716  0.4248  0.0000  0.0000  0.9060  0.3756  0.0000
[1423]  0.1526  0.0000  0.2458  0.3716  0.4792  0.2122  0.0000  0.0000  0.0000
[1432]  0.0040  0.3716  0.0000  0.1169  0.0000  0.3716  0.3716  0.4885  0.0000
[1441]  0.3716  0.0000  0.4885  0.3716  0.0000 -0.1875  0.3716  0.3716  0.0000
[1450]  0.0040  0.3756  0.3756  0.0040  0.9772  0.3716  0.0000  0.0000  0.3716
[1459]  0.7952  0.4792  0.0040  0.4887  0.7263  0.1169  0.0000  0.3716  0.0000
[1468]  0.0040  0.0000  0.3716  0.0000  1.1148  0.0000  0.0000  0.0800  0.0880
[1477]  0.0000  0.3716  0.0000  0.0000  0.3716  0.0000 -0.5442  0.0040  0.1952
[1486]  0.3716  0.0000  0.3716  0.0000  0.0000  1.5952  0.8601  0.0000  0.7246
[1495]  1.0962  0.0000  0.7432  0.7217  0.0000  0.0040  0.7472  0.4885 -0.1243
[1504]  0.3716  0.3716  0.2307  0.3716  0.0974  0.3716  0.0000  0.0000  0.3716
[1513]  0.0000  1.5754 -0.2819  0.3716  0.0000  0.8287  0.7432  0.0000  0.1808
[1522]  0.0000  0.0000  0.0000  0.7432  0.1169  0.0000  0.0000  0.0000  0.3716
[1531]  0.3716  0.4885  0.3716  0.0000  0.3332  0.0000  0.7246  0.6934  0.0000
[1540]  0.8573  0.3716  0.0000  0.4885  0.4885  0.8362  0.0000  0.0000  0.3756
[1549] -0.7666  0.3532  0.0000 -0.0325  0.3716  0.0000  0.3716  0.3716  0.0000
[1558]  0.0000  0.7432  0.0000  1.0973  0.4887  0.7246  0.4885  0.3716 -0.0408
[1567]  0.3716  0.3796  0.0000  0.3716  0.3716  0.4887  0.9662  0.0000  0.0040
[1576]  0.0000 -0.1915  0.4887  0.0000  0.0080  0.0000  0.3716  0.4965  0.3716
[1585]  0.6865  0.0000  0.0000 -0.0048  0.3716  0.0000  0.3716  0.0000  0.3716
[1594]  0.3716  0.0800  0.0040  1.1148  0.3716  0.0000 -0.2675  0.3716  1.2131
[1603]  0.0000 -0.7706  0.3716  0.4797  0.5685  0.0000  0.6056  0.0800  0.3716
[1612]  0.0800  0.4925  0.6134  0.0000  0.0000  0.3716  0.4885  0.7299 -0.1656
[1621]  0.3716  0.0040  0.0040  0.0000  0.3716  0.3716  0.8046  0.4885  0.3716
[1630]  0.2344  0.2344  0.3716  1.1148  0.1001  0.3716  0.0000  0.3716  0.3716
[1639]  0.4690  0.0040  0.5066  0.3716  0.3716  0.1041  1.1762  0.7286  0.0800
[1648]  0.3716  0.0000  0.0000  0.3716 -0.7706  0.8603  0.0000 -0.4972  0.7432
[1657]  0.3201  0.3872  0.0000  0.3716  0.3186  0.8601 -0.7706  1.0816  0.7099
[1666]  0.2307  0.7512 -0.7833  0.4885  0.4925  0.4885  0.0000  0.0000  0.0000
[1675]  0.0000  0.1169  0.8601  0.0000  0.8603  0.0000  0.4567  0.2344  0.3716
[1684]  0.0040  0.4885  0.3716 -0.2675  0.7442  0.7442  0.0000  0.3716  0.0000
[1693]  1.1021 -0.4113  0.0000  0.7299  0.7299  0.3716  0.3716  0.0000  0.0000
[1702]  0.3716  0.0000  0.7442  0.3716  0.1888 -0.1177  0.0000  0.9195  0.0000
[1711]  0.0000 -0.2715  0.3716  0.0894  0.3716  0.1169  0.0000  0.0874  0.0000
[1720]  0.7432  0.3716  0.0000  0.3716  0.0040  0.8601  0.0040  0.1169  0.4887
[1729]  0.0040  0.0000  0.3716  0.7512  0.3716  0.3716  0.0000  0.4815  0.0040
[1738]  0.0880 -0.0326  0.0000  0.3686  0.9262  0.0000  0.0000 -0.6537  0.8386
[1747]  0.0000  0.4885 -0.2715  0.3716  0.0800  0.5749  0.0000  0.3716  0.3716
[1756] -0.1546  0.7432  0.3796  0.3716  0.2233  0.7402  0.3016  0.0000  0.0000
[1765]  0.3716  0.4927  0.0000  0.3716  0.0040  0.7246  0.0000  0.0000 -0.2715
[1774]  0.7442  0.0000  0.3716  0.0000 -0.2675  0.8683  0.3686  0.0040  0.3716
[1783]  0.7432  0.2346  0.0040  0.0040  0.4887  0.3716  0.7512  0.0000  0.3756
[1792]  0.3716  0.4885  0.7432 -0.3891  0.0040  0.0000  0.0080  0.5356  0.3716
[1801]  0.8513  0.3716  0.0000  0.0000  0.3686  0.2193  0.0000  0.0000  0.6065
[1810]  0.3716  0.3796  0.4885  0.7432  0.4885  0.3716  0.0116  0.2458  0.4885
[1819]  0.3716  0.3796  0.3716  0.0000  0.0000  0.0000  0.3716  0.0000  0.0000
[1828]  0.0000 -0.1531  0.8643  0.0000  0.0040  0.3756  0.0080  0.7169  1.2810
[1837]  0.4965  0.8571  0.0040  0.3716  0.0040  0.1001  0.9664  0.1041  0.0040
[1846]  1.0705 -0.7618  0.0000  0.3716  0.4885  0.3716  0.3716 -0.0329  0.0000
[1855]  0.3716  0.7432  0.0040  0.3716  0.3716  0.0000  0.3716  0.0000  0.0000
[1864]  0.0080  0.3716  0.5066  0.3836  0.2267  0.0000  0.0040  0.0000  0.0040
[1873]  0.0800  0.0000  0.4925  0.3796  0.3796  0.0000  0.4885  0.0000  0.3756
[1882]  0.1209  0.3716  0.0000  0.0000  1.3306  0.0040  0.7337  0.0040  0.3716
[1891]  0.3716  0.3716  0.3716  0.3716  0.3716  0.0000  0.8417  0.3716  0.3716
[1900]  0.4887  0.0000  0.0000  0.0000  0.0000  0.0000  0.3716  0.3258  0.4885
[1909]  0.3716  0.3716  0.3716 -0.0830  0.1169  0.7402  0.3716  0.6060  0.0000
[1918]  0.0000  0.0000  0.9662  0.0000  0.0000  0.4885
[1] "Mean"
[1] 4.921477
[1] 0.2688356
[1] "Median"
[1] 5
[1] 0.3668
[1] "Varianz"
[1] 0.1920619
[1] 0.1421846
[1] "Standardabweichung"
[1] 0.4382487
[1] 0.3770737
[1] "Korrelationskoeffizient"
[1] 0.09517316

	One Sample t-test

data:  Sterne
t = 492.45, df = 1922, p-value < 2.2e-16
alternative hypothesis: true mean is not equal to 0
95 percent confidence interval:
 4.901877 4.941077
sample estimates:
mean of x 
 4.921477 


	One Sample t-test

data:  Scores
t = 31.264, df = 1922, p-value < 2.2e-16
alternative hypothesis: true mean is not equal to 0
95 percent confidence interval:
 0.2519717 0.2856995
sample estimates:
mean of x 
0.2688356 

