  [1]  0.0040 -0.7706  0.3716  0.3716  0.3716 -0.1714  0.0040  0.3716  0.0040
 [10]  0.1041  0.3716  0.0040  0.3716  0.0000  0.3716  0.0000  0.0000  0.5635
 [19]  0.0000  0.0000  0.2418  0.0000  0.3686  0.3716  0.3716  0.0000  0.7432
 [28]  0.3716  0.0000  0.0000 -0.0167  0.0000  0.3668  0.7246 -0.5016  0.0970
 [37]  1.0962  0.0000  0.4887  0.3716  0.0000  0.0000  0.0000  0.0000  0.0040
 [46]  0.0000  0.0000  0.3716  0.3716  0.4887  1.4648  0.1131  0.3668  0.3668
 [55]  0.8232  0.0040  0.0000  0.0000  0.3716  0.3716 -0.7706  0.0000  0.7402
 [64]  0.0000  0.7472  0.0000  0.0800  0.1131  0.3716  0.0080  0.7286  0.3716
 [73]  0.0040  0.0000  0.0040  0.0000  1.0962  0.3716  0.3716  0.3716  2.5454
 [82]  0.4516  0.0000  0.3716  0.0000  0.1169  0.4717  0.0040  0.3406  0.4965
 [91]  0.1011  0.3716  0.1014  0.0000  0.0000  0.0000  0.0000  0.3756  0.0000
[100]  0.0000  0.0080  0.3716  0.3716  0.3716  0.4885  0.3716 -0.0048  0.2880
[109]  0.0040  0.8681  0.1011  1.0842  0.7432  0.3796  0.0800  0.3716  0.4887
[118]  0.0000  0.0000  0.0000  0.1169  0.0000  0.0000  0.4885 -3.0472 -0.3902
[127]  1.0962  0.4885  0.8717  0.7402 -0.2635  0.3756  0.0000  0.4887  0.0000
[136] -1.5412  0.0040  0.0000  0.0000  0.0000  0.0000  0.3716  0.3149  0.3149
[145]  0.4505  0.1041  0.4885  0.3756  0.7592  0.0040  0.0000  0.3716  0.7286
[154]  0.0040  0.3796  0.3716  0.0040  0.3716  0.3756  0.0800  0.0040  0.0000
[163]  0.3716  0.0000  0.7246  0.0000  0.3716 -1.1115  0.4718  0.0000  1.5847
[172]  0.3716  0.0000 -2.3118 -0.0311  0.0000  0.9269  0.0000  0.3716  0.3716
[181]  0.0000  0.7432  0.3716  0.2418  0.3716  0.3716  1.1148  0.7146  0.0000
[190]  0.2418  0.3716  0.0040  1.1023  0.4885 -0.7666  0.9140  0.0000  0.0000
[199]  0.3716 -0.4198  1.1002  0.7402  0.0000  0.0040  0.0000  0.3716  1.4546
[208]  0.0000  0.0000 -0.3034  0.4730  0.4690  0.0974  0.0000  0.3716  0.3716
[217]  0.3716  0.1081  0.3716  0.0000  0.3716  0.0800  0.7307  0.0000  0.0000
[226]  0.0040  0.4885  0.8601  0.7432  0.0000  0.7432  0.0000  0.0000  0.0974
[235]  0.0000  0.0040  0.0000  0.1169  0.7432  0.3716  0.3716  0.3716  0.0000
[244]  0.3716 -0.0167  0.0000  0.3716  0.0000  0.0000  0.3716  0.3716  0.0000
[253]  0.4885  0.3716  0.0080  0.3716  0.7472  0.7432  0.0000  0.7286  0.4887
[262]  0.4516 -0.2675 -0.7706  0.0000  0.2344  0.1169  0.1249  0.0000  1.0870
[271]  0.0040  0.2344  0.7432  0.0000  0.3357  0.3716  0.0040  0.0000 -0.7706
[280]  0.3716  0.3716  0.3836  0.7432  0.3756  0.0000  0.7246  0.7246  0.0000
[289]  0.0000  0.3716  0.0000  0.3716 -0.7618  0.0000  0.0000 -0.2675  0.0000
[298]  0.7432  0.4690  0.7265  0.0000  0.0000  0.3716  0.3756  0.3716  0.6134
[307]  0.0040  0.0000  0.0000 -0.2675  0.4516  0.0040  0.0000  0.3716  0.3223
[316]  0.3716  0.3756  0.0000  0.7432  1.4678  0.0000  0.0000  0.0000  0.0040
[325] -0.6488 -0.3902  0.0000  0.3716  0.0000  0.0000  0.3716 -0.0167  0.7432
[334]  0.4885 -0.3950 -1.0421  0.3716  0.0040  0.0000  0.0040  0.0000  0.3716
[343]  0.5041  0.0000  0.3716  0.0040  0.3756  0.3716  0.0000  0.3716  0.6060
[352]  0.3756  0.0000  0.3716  0.0000  0.0000  0.3716  0.3716  0.7432  0.1169
[361] -0.1503  0.1169  0.7432  0.0040  0.7049  0.3836  0.0000  0.0000  0.3716
[370]  0.4925  0.3716  0.0000  0.6065  0.0000  0.3716 -0.3065  0.3716  0.3716
[379]  0.0840  0.0040  0.0974 -0.0945 -0.7626  0.7472  0.0000  0.0000  0.3716
[388]  0.1169  0.0800  0.0040 -0.2675  0.0000  0.4887 -0.1745  0.3686  0.0000
[397] -0.2715 -0.4651  0.0000  0.7432  0.7432 -0.3360  0.0040  0.0080  0.7432
[406]  0.7432  0.3756  0.7432  0.3796  0.3716  0.7276  0.3716  0.0040  0.3716
[415]  0.3115 -0.1388  0.3716  0.0156 -0.0987  0.0000  0.7246  0.0859  0.2922
[424]  0.0080  0.0000  1.9287  0.0000  0.8683  0.0000  0.0000  0.0000  0.0000
[433] -0.2715  0.0000  0.0000  0.3716  0.0000 -0.1915  0.0040  0.0313  0.0000
[442]  0.7432 -0.0234  0.3716  0.3686  0.3716 -1.0779  2.4162  0.9426  0.0040
[451]  0.7246  0.3988  0.4562  0.0040  0.0800  0.3756  0.3716  0.0000  0.0000
[460]  0.3668  0.0000  0.0000  0.0000  0.0000  0.4690  0.0040  0.0000  0.0040
[469]  0.3716  0.9481  0.0000  0.3716  0.3756 -0.7706  0.0080  0.3716  0.0000
[478]  0.3716  0.0000
[1] "Mean"
[1] 4.807933
[1] 0.2149992
[1] "Median"
[1] 5
[1] 0.1041
[1] "Varianz"
[1] 0.498598
[1] 0.1991728
[1] "Standardabweichung"
[1] 0.7061147
[1] 0.4462878
[1] "Korrelationskoeffizient"
[1] 0.2269939

	One Sample t-test

data:  Sterne
t = 149.02, df = 478, p-value < 2.2e-16
alternative hypothesis: true mean is not equal to 0
95 percent confidence interval:
 4.744538 4.871328
sample estimates:
mean of x 
 4.807933 


	One Sample t-test

data:  Scores
t = 10.544, df = 478, p-value < 2.2e-16
alternative hypothesis: true mean is not equal to 0
95 percent confidence interval:
 0.1749313 0.2550670
sample estimates:
mean of x 
0.2149992 

