 [1]  0.5855 -0.0351  0.3796  2.6427  1.3494  0.3796 -0.2819  0.7856  1.5908
[10]  1.6035  0.4816  0.7716  0.3716  0.3756  1.5585  0.5057  2.2001 -0.2819
[19] -0.4055  0.3302  0.9802  0.7105  0.7371  1.0525  0.4847 -0.1009  0.9397
[28]  0.3716  0.0511  0.0080  0.0937  1.2224  2.1194  0.0000  0.4927  0.3504
[37]  0.9297  0.5766  1.4878  0.8153  0.9901  1.2791  0.0080  0.7432  1.5545
[46]  0.6096  0.0040  0.2931  0.7552 -0.1348  0.9674  0.6056  1.0269  1.2479
[55]  1.3293  0.3832  1.6914  1.9412  0.7432  0.4927  0.9360  1.3518  1.0763
[64]  2.0985  1.0658  0.0040  0.7512 -0.4869  0.9890  1.3989 -0.0008 -0.2819
[73]  0.8603  1.0953  0.0000  0.7123  0.7385  0.3716  0.3266  1.1188  1.0132
[82]  0.0040  0.8071  0.8283  0.0080  0.0040  0.5918  0.8611  0.1209  1.2262
[91]  1.6156  0.2172  0.0970  0.4686  0.6435  2.1603  0.2051  0.0602
[1] "Mean"
[1] 4.653061
[1] 0.7124276
[1] "Median"
[1] 5
[1] 0.7114
[1] "Varianz"
[1] 0.5175679
[1] 0.4111148
[1] "Standardabweichung"
[1] 0.7194219
[1] 0.6411824
[1] "Korrelationskoeffizient"
[1] 0.2005161

	One Sample t-test

data:  Sterne
t = 64.028, df = 97, p-value < 2.2e-16
alternative hypothesis: true mean is not equal to 0
95 percent confidence interval:
 4.508826 4.797296
sample estimates:
mean of x 
 4.653061 


	One Sample t-test

data:  Scores
t = 10.999, df = 97, p-value < 2.2e-16
alternative hypothesis: true mean is not equal to 0
95 percent confidence interval:
 0.5838786 0.8409765
sample estimates:
mean of x 
0.7124276 

